        generated_by     ICGEM (hosted at GFZ-Potsdam)
     generating_date     2025/09/19
----------------------------------------------------------------------
           modelname     EIGEN-6C4
     max_used_degree          2190
----------------------------------------------------------------------
         tide_system     tide_free
    zero_degree_term     included
----------------------------------------------------------------------
          refsysname     WGS84
   max_degree_refpot             8
            gmrefpot      3.98600441800E+14[m**3/s**2]
        radiusrefpot     6378137.000 m
          flatrefpot      3.352810664747480E-03   (1/298.25722356300)
         omegarefpot      7.29211500000E-05 1/s
----------------------------------------------------------------------
    number_of_points           102
      latlimit_north       51.560623850227    
      latlimit_south       50.741613385620    
      longlimit_west       70.965989527801    
      longlimit_east       71.940119882081    
----------------------------------------------------------------------
description of columns -----------------------------------------------
 1 identifier (from input)
 2 longitude  (from input)    [degree]
 3 latitude   (from input)    [degree]
 4 h_over_ell (from input)     [meter]
 -------------------------------------
 5 height_anomaly              [meter]  T(h)/normal_gravity(h)            
----------------------------------------------------------------------

end_of_head ================================================================
1             71.28345207   51.15746054  3.084513E+02 -3.144099262819E+01
2             71.35389238   51.22604520  3.227350E+02 -3.135836132191E+01
3             71.21904161   51.29368502  3.186289E+02 -3.110864706633E+01
4             71.27055224   51.14498209  3.109167E+02 -3.145502406117E+01
5             71.75130340   51.03224381  3.420495E+02 -3.230024313491E+01
6             71.81423275   51.04878639  3.636870E+02 -3.237305419628E+01
7             71.27840694   51.25463249  3.166353E+02 -3.123102425238E+01
8             71.42448678   51.24684145  3.559908E+02 -3.138163729524E+01
9             71.47562521   51.27164615  3.552518E+02 -3.138212852220E+01
10            71.54213604   51.14347359  3.532390E+02 -3.176589161929E+01
11            71.54213566   51.14347363  3.533663E+02 -3.176589102826E+01
12            71.64221304   51.19249656  3.966345E+02 -3.177231204359E+01
13            71.15476920   51.25637527  3.022655E+02 -3.111971794997E+01
14            71.33147518   51.07348545  3.160336E+02 -3.168468593480E+01
15            71.26230424   51.21897721  3.087876E+02 -3.128616250132E+01
16            71.89174667   51.08947236  3.407163E+02 -3.242989126793E+01
17            71.46925194   51.33475149  3.302075E+02 -3.125173722673E+01
18            71.87114535   50.74161339  4.398311E+02 -3.292695348956E+01
19            71.69376225   50.79839534  4.221816E+02 -3.259778325968E+01
20            71.67296810   50.74687138  4.254079E+02 -3.263649624684E+01
21            71.72225562   50.94033978  4.000589E+02 -3.241872016790E+01
22            71.91717844   50.85065921  4.219038E+02 -3.289606540158E+01
23            71.55253311   50.96266649  3.308761E+02 -3.217224068782E+01
24            71.70417886   50.99117932  3.488956E+02 -3.230437688749E+01
25            71.52732216   50.74280005  3.702832E+02 -3.251204921718E+01
26            71.53045507   50.99263760  3.265213E+02 -3.208903804720E+01
27            71.59306364   50.87632146  3.399231E+02 -3.236652406539E+01
28            71.64327139   50.78221140  4.258072E+02 -3.255519192619E+01
29            71.77830904   50.79803011  4.115493E+02 -3.272697166553E+01
30            71.76639815   50.75085312  3.981388E+02 -3.276092458327E+01
31            71.59760791   50.75261708  4.055204E+02 -3.255070702391E+01
32            71.77513811   50.92486852  3.858881E+02 -3.252980089804E+01
33            71.60580347   50.82325766  3.988160E+02 -3.246041764419E+01
34            71.74008618   50.87374015  4.041173E+02 -3.256136652471E+01
35            71.91511857   50.90998264  3.660422E+02 -3.281172632065E+01
36            71.86253280   50.78724425  4.309994E+02 -3.287383171075E+01
37            71.65829388   50.87788901  3.846452E+02 -3.243872199281E+01
38            71.84682305   50.89035201  3.754862E+02 -3.271767580373E+01
39            70.96598953   50.99525338  3.105887E+02 -3.143138301560E+01
40            70.99799981   50.85841495  3.162247E+02 -3.178756741694E+01
41            70.97635159   50.91730934  3.191054E+02 -3.162929611589E+01
42            70.99667199   51.43795703  3.410105E+02 -3.066208556083E+01
43            70.98074613   51.37245686  3.336383E+02 -3.076084650607E+01
44            71.53116233   51.48124169  3.217157E+02 -3.102534690463E+01
45            71.94011988   51.51932430  2.750329E+02 -3.148998045996E+01
46            71.61764225   51.50073729  3.180206E+02 -3.108324626716E+01
47            71.76071205   51.42603683  3.125184E+02 -3.143224384413E+01
48            71.23674893   51.52616920  3.949723E+02 -3.064042044731E+01
49            71.11555166   51.50445150  3.969492E+02 -3.060667001775E+01
50            71.39106356   51.38410569  3.390068E+02 -3.107582809233E+01
51            71.28716049   51.56062385  3.939562E+02 -3.060086670583E+01
52            71.19693942   51.49747537  3.762233E+02 -3.068300842430E+01
53            71.31012620   51.43890661  3.408154E+02 -3.090565752543E+01
54            71.46925163   51.33475147  3.301976E+02 -3.125173688564E+01
55            71.29056054   50.95742547  3.427928E+02 -3.190529321116E+01
56            71.32276936   50.75395154  3.411905E+02 -3.235074734794E+01
57            71.37724266   50.79063961  3.373840E+02 -3.232336570377E+01
58            71.06567652   50.74845905  4.035515E+02 -3.210699707662E+01
59            71.23183481   50.84869229  3.633992E+02 -3.205803605797E+01
60            71.44310706   50.75933211  3.600340E+02 -3.242835902924E+01
61            71.41397471   50.83071064  3.651229E+02 -3.227745958551E+01
62            71.44225363   50.84769035  3.638534E+02 -3.227050748099E+01
63            71.09154285   50.97382707  3.142881E+02 -3.162968075463E+01
64            71.38369387   50.93010530  3.259484E+02 -3.205888622726E+01
65            71.28703115   50.88178596  3.385974E+02 -3.205281774033E+01
66            71.20148568   50.95167648  3.181790E+02 -3.181535399862E+01
67            71.07060088   50.85355357  3.258144E+02 -3.187234631478E+01
68            71.87801762   51.16586047  3.606880E+02 -3.223793114600E+01
69            71.51965550   51.29657561  3.496903E+02 -3.138245697231E+01
70            71.51372199   51.40673830  3.053328E+02 -3.115748715072E+01
71            71.85554799   51.24614536  4.119338E+02 -3.200564227048E+01
72            71.78219327   51.38359206  4.196400E+02 -3.155876063176E+01
73            71.76201301   51.18623194  4.013916E+02 -3.197255991904E+01
74            71.03603609   51.01026422  3.132061E+02 -3.147869959838E+01
75            71.87745628   51.33750298  4.232469E+02 -3.182620987608E+01
76            71.36450896   51.30140667  3.225109E+02 -3.121430025813E+01
77            71.22232060   51.08213517  3.148899E+02 -3.154030358980E+01
78            71.14336646   51.01230732  3.127569E+02 -3.160274321680E+01
79            71.67436650   51.03272073  3.281842E+02 -3.218376125239E+01
80            71.04041502   51.14452028  3.333854E+02 -3.118339675467E+01
81            71.70812009   51.31326628  3.560537E+02 -3.160416068351E+01
82            71.35984835   51.01839530  3.256824E+02 -3.184470456333E+01
83            71.57162657   51.04638503  3.253720E+02 -3.202114360859E+01
84            71.70201123   51.23483466  4.047889E+02 -3.176248309335E+01
85            71.60853014   51.24361100  3.693635E+02 -3.160536146330E+01
86            71.05210597   51.22340382  3.094190E+02 -3.106485530770E+01
87            71.81423275   51.04878640  3.636871E+02 -3.237305417773E+01
88            71.47562520   51.27164620  3.552554E+02 -3.138212843664E+01
89            71.93825203   51.05278858  3.561924E+02 -3.259202742276E+01
90            71.54213604   51.14347359  3.532391E+02 -3.176589161837E+01
91            71.64221304   51.19249656  3.966346E+02 -3.177231204484E+01
92            71.33147518   51.07348545  3.160337E+02 -3.168468593337E+01
93            71.71188175   51.34950540  3.449423E+02 -3.153445001348E+01
94            71.25811296   51.00928408  3.218852E+02 -3.174785698887E+01
95            71.13003568   51.16022553  3.221521E+02 -3.125755022009E+01
96            71.89174667   51.08947236  3.407163E+02 -3.242989127131E+01
97            71.28143728   51.04232964  3.204852E+02 -3.169794199704E+01
98            71.06590147   51.18416425  3.232449E+02 -3.113802721462E+01
99            71.80508802   51.34760687  3.953038E+02 -3.167407052379E+01
100           71.04985998   51.09505823  3.169695E+02 -3.130679170151E+01
101           71.78690898   51.24628939  3.795803E+02 -3.187722982068E+01
102           71.82800211   51.00489441  3.423526E+02 -3.248006448102E+01
